[4.818202640760401e-01,9.720891114421422e-01,9.428628534525281e-01][6.370125,5.040802,0.000000]
[3.146496353125308e-01,9.102280410336867e-01,7.769694011163075e-01][6.318059,4.946246,0.000000]
[3.765450441451463e-01,9.289704320810817e-01,8.403831539133364e-01][6.336204,4.983567,0.000000]
[3.215580471127444e-01,9.154705068834654e-01,8.344605743137197e-01][6.331920,4.960898,0.000000]
[4.135456278403451e-01,9.365392596203748e-01,8.772128440557383e-01][6.345440,5.007387,0.000000]
[3.813082360980236e-01,8.732250616344768e-01,8.346861697747716e-01][6.313728,5.010622,0.000000]
[3.432447583898686e-01,8.326711165120422e-01,8.240593591598859e-01][6.297612,5.007732,0.000000]
[3.537845250923484e-01,8.143655421626841e-01,8.079360049753701e-01][6.286900,5.017707,0.000000]
[4.665803922929772e-01,9.986561379793564e-01,9.701861238892686e-01][6.386525,5.027007,0.000000]
[3.371122884999398e-01,7.767883923687968e-01,8.165086324953439e-01][6.275293,5.028610,0.000000]
[3.663798058364129e-01,8.897393148568153e-01,8.314066506254794e-01][6.319824,4.994636,0.000000]
[3.711451273039668e-01,8.367967850086133e-01,8.276603684780106e-01][6.298905,5.020733,0.000000]
[4.188217666409475e-01,8.590249253922622e-01,8.853137840748460e-01][6.317821,5.048089,0.000000]
[4.894693393812907e-01,9.870024437774324e-01,8.823733485457181e-01][6.362712,5.023504,0.000000]
[3.685625583799244e-01,9.076758176937858e-01,8.903293235168999e-01][6.339040,5.001315,0.000000]
[4.614764779918445e-01,1.051668808717219e+00,9.469169170180987e-01][6.401953,4.993852,0.000000]
[4.512601313308728e-01,9.839837818576065e-01,9.259220318215338e-01][6.372228,5.015693,0.000000]
[4.688299583594668e-01,9.917301576830608e-01,9.239709970937695e-01][6.374062,5.020500,0.000000]
[4.673566003925966e-01,9.807431928984958e-01,9.647915308347805e-01][6.378596,5.034554,0.000000]
[4.409213375759968e-01,9.663886668422279e-01,8.955854981174092e-01][6.359566,5.011576,0.000000]
[4.108671309348554e-01,9.327513687525453e-01,9.387685453869365e-01][6.357186,5.022358,0.000000]
[5.013407265483965e-01,9.553303633159969e-01,9.175660824199037e-01][6.357698,5.052725,0.000000]
[3.273729531265257e-01,8.675908981788716e-01,8.436737864673471e-01][6.315533,4.988249,0.000000]
[3.902186578835725e-01,9.646717456342220e-01,8.319774271061409e-01][6.347504,4.971737,0.000000]
[3.525078810437288e-01,8.935491497079138e-01,8.322478754700686e-01][6.321966,4.986083,0.000000]
[4.177671244973631e-01,8.743877766478985e-01,8.427650160791096e-01][6.314523,5.030457,0.000000]
[3.813870281410576e-01,9.084174211799105e-01,8.917390622328067e-01][6.339134,5.007741,0.000000]
[3.629083641768924e-01,9.147125993005980e-01,8.700197427621972e-01][6.337594,4.990383,0.000000]
[3.767457509034156e-01,9.113942165084579e-01,8.717674088383465e-01][6.336185,4.999293,0.000000]
[3.968302685757354e-01,9.113950150764616e-01,7.904763803312900e-01][6.318231,4.990324,0.000000]
[3.856327480275219e-01,9.320662140421838e-01,8.185471104195159e-01][6.332431,4.981557,0.000000]
[3.615983799141174e-01,9.329615418690254e-01,8.742315235085032e-01][6.345445,4.982209,0.000000]
[3.234125882067254e-01,9.133536362002612e-01,8.141485978550058e-01][6.326753,4.957985,0.000000]
[3.929513575923149e-01,8.817537679142458e-01,8.683500701610782e-01][6.323677,5.020455,0.000000]
[4.038806258386110e-01,8.979866590099390e-01,8.321445274609200e-01][6.321685,5.009922,0.000000]
[4.358184880322025e-01,9.307477782680360e-01,9.362318109389411e-01][6.354938,5.035279,0.000000]
[4.761924891644647e-01,1.007745438997739e+00,9.464878198107645e-01][6.384582,5.021993,0.000000]
[3.466434638137166e-01,9.113407124522084e-01,9.167858814802656e-01][6.346892,4.994952,0.000000]
[3.725631178892455e-01,9.107247503320028e-01,8.610016473908129e-01][6.333806,4.994956,0.000000]
[3.871856966054299e-01,9.508474687324266e-01,8.732080255170640e-01][6.351030,4.986442,0.000000]
[4.031054159489962e-01,8.635655830614350e-01,8.587566065430110e-01][6.314418,5.031788,0.000000]
[4.124487281398970e-01,8.614726694183426e-01,9.439340658821898e-01][6.331582,5.057520,0.000000]
[4.337398155185097e-01,9.100504927475255e-01,9.160788826076356e-01][6.342950,5.039141,0.000000]
[3.799655770944295e-01,9.686560675941340e-01,8.893864808938368e-01][6.361487,4.978303,0.000000]
[3.497025116466475e-01,8.843374015956265e-01,8.181882871965094e-01][6.315602,4.985640,0.000000]
[4.113857675796071e-01,8.641277749360565e-01,8.620850379825313e-01][6.315032,5.036505,0.000000]
[3.801050603057465e-01,8.197172787343057e-01,8.990028367946774e-01][6.307547,5.049911,0.000000]
[3.570722295636788e-01,8.756473845791053e-01,8.757107376407340e-01][6.324298,5.006974,0.000000]
[4.832406503653299e-01,9.386304430327925e-01,9.312676460384601e-01][6.355024,5.054513,0.000000]
[3.935920753206359e-01,9.183273839167869e-01,8.593038918148963e-01][6.335522,5.001602,0.000000]
[4.542579556168516e-01,9.287447035253624e-01,8.474089552100974e-01][6.334632,5.024748,0.000000]
[4.660839491839956e-01,9.931764974324717e-01,9.103947421044640e-01][6.371860,5.015227,0.000000]
[4.033255545286893e-01,8.736725259058966e-01,8.966630325437670e-01][6.326311,5.036114,0.000000]
[4.774334638422513e-01,9.817914464980504e-01,9.579254431387643e-01][6.377143,5.037553,0.000000]
[3.557434124054826e-01,9.044874018442517e-01,8.504216860988123e-01][6.329839,4.986911,0.000000]
[4.124503918232381e-01,9.219349148736087e-01,8.993415627229235e-01][6.344663,5.018881,0.000000]
[4.337720244279932e-01,8.470171245096036e-01,8.583977833200045e-01][6.307006,5.054973,0.000000]
[3.724185770805715e-01,8.946804543798557e-01,9.003183444861449e-01][6.336134,5.011663,0.000000]
[4.272992314738109e-01,9.893336551038860e-01,8.875456485505864e-01][6.367118,4.991983,0.000000]
[4.229809749936750e-01,9.717252306217787e-01,8.918700273854174e-01][6.361504,4.999108,0.000000]
[2.991228114267965e-01,8.280335659250841e-01,7.665512829397283e-01][6.285199,4.974180,0.000000]
[4.217684825746879e-01,1.030976846983400e+00,8.656828530286411e-01][6.378683,4.964342,0.000000]
[4.125612596810884e-01,8.578220157893197e-01,8.534881872331113e-01][6.310786,5.038018,0.000000]
[3.887375804259996e-01,8.564939971991272e-01,9.069661569278100e-01][6.322645,5.039150,0.000000]
[3.869014063961043e-01,8.719505471005338e-01,7.802025367740502e-01][6.301468,5.001293,0.000000]
[3.820553630128407e-01,8.437131159415305e-01,8.608220361373087e-01][6.308202,5.030829,0.000000]
[4.736948346381515e-01,9.646725442022257e-01,9.611410103004250e-01][6.371526,5.044458,0.000000]
[3.827988963716411e-01,8.652431082479239e-01,8.515817392188882e-01][6.314271,5.019053,0.000000]
[3.572748329209569e-01,9.360934174402125e-01,8.279350093239579e-01][6.337027,4.967598,0.000000]
[3.347165844887687e-01,9.214851879928450e-01,8.342046332685262e-01][6.333652,4.964605,0.000000]
[4.436742676741670e-01,9.116313912055638e-01,8.640207668235576e-01][6.332090,5.031240,0.000000]
[4.005132642089091e-01,8.182606906955137e-01,8.169137726625664e-01][6.288577,5.041687,0.000000]
[3.675768592739947e-01,9.067645185068698e-01,8.683245159849591e-01][6.334053,4.996029,0.000000]
[3.996694440183077e-01,9.549941661864292e-01,8.304031833814669e-01][6.343116,4.980690,0.000000]
[3.462660073372898e-01,8.792499910332374e-01,9.330074595292395e-01][6.338334,5.013528,0.000000]
[4.207426554265712e-01,8.706016659212440e-01,8.199130609898853e-01][6.308123,5.028402,0.000000]
[4.264550119992077e-01,9.252573570531011e-01,9.207337355013410e-01][6.349931,5.029453,0.000000]
[3.872879133099065e-01,8.859196310003377e-01,8.913371163375992e-01][6.330364,5.021082,0.000000]
[3.350445297489646e-01,7.905807265504432e-01,8.476565112912517e-01][6.287240,5.028563,0.000000]
[3.973686365049125e-01,9.164064285838296e-01,9.031923907315464e-01][6.343974,5.014766,0.000000]
[3.767776936235645e-01,9.474615403966382e-01,8.622729676527410e-01][6.347838,4.980205,0.000000]
[3.820556957495089e-01,8.658627970188135e-01,8.847271027814436e-01][6.321623,5.026197,0.000000]
[4.218235837669448e-01,8.797706573716653e-01,9.081248791012131e-01][6.330356,5.045333,0.000000]
[4.146428602774614e-01,8.719273886284258e-01,8.586179218996977e-01][6.317096,5.033722,0.000000]
[4.251757060572423e-01,9.970462248838494e-01,9.071913531048601e-01][6.374263,4.991922,0.000000]
[3.684700575861597e-01,8.779098608283218e-01,8.684288622041123e-01][6.323167,5.009924,0.000000]
[4.552354028534094e-01,1.018731339024966e+00,9.914589107511294e-01][6.399053,5.016864,0.000000]
[4.638966714217965e-01,1.003529532316747e+00,9.645759174737751e-01][6.387286,5.022024,0.000000]
[4.189820126203614e-01,9.449604254089756e-01,8.791275439393331e-01][6.348823,5.006644,0.000000]
[3.728186596504370e-01,9.299619873523719e-01,8.950825333697305e-01][6.348300,4.994185,0.000000]
[3.951937365467710e-01,9.679384211481210e-01,9.193274572467836e-01][6.366943,4.993399,0.000000]
[3.207810404451212e-01,8.053409251526027e-01,8.480472772344072e-01][6.293350,5.014727,0.000000]
[4.294737654216173e-01,9.784081800556077e-01,8.630023597031421e-01][6.357722,4.992445,0.000000]
[4.883895506640057e-01,9.276336292428482e-01,8.831257077446431e-01][6.340468,5.051062,0.000000]
[4.227187784991191e-01,9.296763661963734e-01,9.050639679429402e-01][6.348403,5.021802,0.000000]
[3.815451446057949e-01,8.507858331085103e-01,8.231628334810388e-01][6.302815,5.018458,0.000000]
[3.483744930564550e-01,8.361520744402737e-01,8.410765771299031e-01][6.302376,5.012712,0.000000]
[4.825634646981722e-01,9.231935911421445e-01,9.314241653671900e-01][6.349295,5.061432,0.000000]
[3.790046335966153e-01,9.002757541926130e-01,8.952197539717037e-01][6.336901,5.011159,0.000000]
[3.370112696474687e-01,8.909113464969471e-01,8.323934810360809e-01][6.321582,4.979571,0.000000]
[3.934930528881742e-01,8.932132187676807e-01,9.083639171236610e-01][6.336508,5.024839,0.000000]
[4.595785480363279e-01,9.553508598947591e-01,9.641335107997122e-01][6.369207,5.042378,0.000000]
[4.550766541890024e-01,9.326056550471159e-01,9.101927543100221e-01][6.349358,5.038046,0.000000]
[4.345229445408281e-01,9.166205779034948e-01,9.063219787381396e-01][6.343308,5.034176,0.000000]
[3.583930610418378e-01,8.701388624894193e-01,8.638605208441437e-01][6.319645,5.007388,0.000000]
[4.272056659227079e-01,9.506249344487223e-01,8.780569304356742e-01][6.350426,5.007900,0.000000]
[3.882045362835140e-01,8.560349536916534e-01,8.794822412276537e-01][6.316589,5.032616,0.000000]
[4.800639468465171e-01,1.061330682994272e+00,9.728022326694674e-01][6.410303,5.004814,0.000000]
[4.399247247073497e-01,9.356682881176468e-01,8.799255795643877e-01][6.344674,5.021806,0.000000]
[3.613927486531585e-01,8.568736497375642e-01,8.926404125933430e-01][6.320724,5.021848,0.000000]
[3.960492690680937e-01,9.787882984253802e-01,8.248736323343495e-01][6.351187,4.966363,0.000000]
[4.042628071757264e-01,8.697464994102564e-01,8.881918231602661e-01][6.322991,5.036417,0.000000]
[3.062849016628597e-01,8.819214671950277e-01,7.418345384671419e-01][6.300170,4.946947,0.000000]
[4.605927294010570e-01,9.538924085306251e-01,8.771553471594702e-01][6.350184,5.023126,0.000000]
[4.478997571712036e-01,9.100268018967483e-01,9.367484844373504e-01][6.346820,5.051193,0.000000]
[5.147441581122294e-01,1.022896935921723e+00,9.550889295895377e-01][6.390606,5.036493,0.000000]
[4.157347689278863e-01,9.299076847281187e-01,9.624148593610315e-01][6.360979,5.031744,0.000000]
[4.339290761353922e-01,8.636166914136734e-01,8.322611849367973e-01][6.307633,5.041256,0.000000]
[4.226053818425903e-01,8.836543597631081e-01,9.377136869645177e-01][6.338127,5.050892,0.000000]
[3.343224246315974e-01,8.330215547710096e-01,7.943302029699268e-01][6.291715,4.996087,0.000000]
[3.715771525939813e-01,8.872433905611770e-01,8.637756064464144e-01][6.325571,5.006050,0.000000]
[4.988648995475184e-01,1.072389518899172e+00,9.481131718876767e-01][6.408604,5.003256,0.000000]
[3.751768309654331e-01,9.164440943746719e-01,8.680018945114547e-01][6.337354,4.995258,0.000000]
[3.986121399813776e-01,9.077013718699050e-01,8.667989849085123e-01][6.332907,5.010864,0.000000]
[3.894451116772988e-01,9.311302923418197e-01,8.882860541847055e-01][6.346664,5.000377,0.000000]
[3.045317787053516e-01,8.806831544105869e-01,8.499430776752472e-01][6.322666,4.972281,0.000000]
[4.463291070025464e-01,8.319876753955220e-01,8.973676357123859e-01][6.309323,5.077425,0.000000]
[3.678092425630783e-01,8.252114265999246e-01,8.254496660543689e-01][6.294209,5.023887,0.000000]
[4.067474184246453e-01,8.821173825452746e-01,8.318070659320131e-01][6.315515,5.018696,0.000000]
[3.977230676038985e-01,8.132499426614821e-01,9.016955602723377e-01][6.305083,5.062413,0.000000]
[3.504651440902036e-01,9.051693789194317e-01,8.326405047385661e-01][6.326528,4.979736,0.000000]
[6.058266951022766e-01,9.198204398944156e-01,9.954581393137776e-01][6.357057,5.141428,0.000000]
[3.669984298499642e-01,8.051620459197686e-01,8.202800029875963e-01][6.285622,5.031520,0.000000]
[3.178633391488495e-01,8.767360989575153e-01,8.580114095008695e-01][6.322396,4.982669,0.000000]
[4.309645255162353e-01,8.827956329697706e-01,8.714855143330320e-01][6.323312,5.039970,0.000000]
[3.336475681211173e-01,8.410470301137654e-01,8.374215313768598e-01][6.303973,5.002195,0.000000]
[4.498440040709362e-01,9.046742667571230e-01,8.579037359150341e-01][6.327936,5.036210,0.000000]
[4.163297020906604e-01,8.548915374049884e-01,8.553051956309172e-01][6.309936,5.041718,0.000000]
[3.331109304226150e-01,8.585952958062588e-01,8.191305974409033e-01][6.306693,4.989483,0.000000]
[4.492759560309540e-01,9.474721879700212e-01,8.652574824719910e-01][6.345680,5.017589,0.000000]
[4.245203479155197e-01,9.172559718451243e-01,9.326620788676290e-01][6.349544,5.035026,0.000000]
[4.026555559735652e-01,8.733853076138907e-01,8.564742991883687e-01][6.317635,5.026463,0.000000]
[3.206138735430084e-01,9.399251879561632e-01,9.075512410852049e-01][6.356718,4.966494,0.000000]
[4.317277568857942e-01,8.775672751547243e-01,8.889695618485594e-01][6.325059,5.046884,0.000000]
[4.141389638671118e-01,8.393977209967414e-01,9.228629839886029e-01][6.318766,5.063621,0.000000]
[3.563854610804764e-01,8.150318140671242e-01,8.273377470045062e-01][6.291219,5.023264,0.000000]
[4.464846946686052e-01,9.744126781436435e-01,8.893013003067729e-01][6.361068,5.009147,0.000000]
[3.456846498305790e-01,9.190777716509526e-01,8.547587089270356e-01][6.336667,4.976097,0.000000]
[4.543372800385548e-01,9.640360855032579e-01,9.273008925746300e-01][6.364859,5.026957,0.000000]
[4.055160265629034e-01,9.221778126414080e-01,8.750064006614497e-01][6.339851,5.009526,0.000000]
[4.090367797966539e-01,8.451613855636171e-01,8.645858867808593e-01][6.308554,5.044697,0.000000]
[3.921131273777396e-01,9.055223459770776e-01,8.757892634944335e-01][6.334242,5.010719,0.000000]
[4.028168667103174e-01,8.005489847515914e-01,8.787043028973596e-01][6.295207,5.065453,0.000000]
[4.327486595312213e-01,9.395374831903553e-01,9.601945741213451e-01][6.363464,5.035288,0.000000]
[4.133667486075110e-01,9.274606061753747e-01,8.384106909441389e-01][6.333808,5.002425,0.000000]
[3.841553972206331e-01,9.092064063675895e-01,8.966300250662798e-01][6.340368,5.009923,0.000000]
[3.992410289211434e-01,8.637559749829895e-01,8.416637658467245e-01][6.310983,5.025736,0.000000]
[3.487447624208482e-01,8.932983993547445e-01,7.921818553979092e-01][6.313530,4.974855,0.000000]
[3.604214237712959e-01,8.474238618128336e-01,8.242584687821477e-01][6.302566,5.009601,0.000000]
[4.125093527608463e-01,9.588587029457827e-01,8.834824014529730e-01][6.355259,4.997880,0.000000]
[4.432154903560277e-01,8.833316051949365e-01,9.339814463044478e-01][6.336431,5.060597,0.000000]
[3.601861123995320e-01,9.485119235108694e-01,8.696762254259287e-01][6.350439,4.973146,0.000000]
[3.846025953027183e-01,7.992196352147261e-01,7.887903370860947e-01][6.275995,5.035845,0.000000]
[5.062222396604921e-01,9.798405448649534e-01,1.055062523091044e+00][6.395969,5.076037,0.000000]
[3.603559411949906e-01,8.986003585208007e-01,9.118347598571788e-01][6.340523,5.006537,0.000000]
[4.525138830967190e-01,9.353717531989307e-01,9.563421489767148e-01][6.360322,5.046313,0.000000]
[4.441613941564384e-01,8.880608580076554e-01,9.209895434518671e-01][6.335374,5.055826,0.000000]
[3.167268437848834e-01,9.084934182349316e-01,8.240901040280293e-01][6.327259,4.959273,0.000000]
[3.834095347051552e-01,8.762936922834523e-01,9.158925500734334e-01][6.332161,5.029407,0.000000]
[3.152884897155097e-01,8.142311165487239e-01,8.150653539232806e-01][6.289783,5.000092,0.000000]
[4.591503824916647e-01,9.669962439983943e-01,9.636408608887483e-01][6.373495,5.036583,0.000000]
[3.254172600854064e-01,9.440668278128088e-01,8.602845333234690e-01][6.348105,4.955627,0.000000]
[3.613057047407526e-01,8.918167895185025e-01,8.936928919485840e-01][6.334061,5.005853,0.000000]
[5.130554529736884e-01,9.337719552981376e-01,9.829935575329891e-01][6.363103,5.084136,0.000000]
[3.508319529932473e-01,8.660398129263056e-01,8.998993624735245e-01][6.326107,5.014039,0.000000]
[4.001150449643855e-01,8.018879171045015e-01,8.173492584139304e-01][6.282564,5.049150,0.000000]
[3.830890427463274e-01,9.605431490549705e-01,9.363513299501651e-01][6.368219,4.994856,0.000000]
